0 0.58282609 0.38504155 0.12391304 0.09626039
0 0.57804348 0.40027701 0.12391304 0.11288089
3 0.56847826 0.64110111 0.47869565 0.12984765
3 0.56543478 0.63902355 0.45173913 0.07167590
3 0.57391304 0.64768006 0.47478261 0.10491690
8 0.60978261 0.30903740 0.01260870 0.01004155
8 0.93760870 0.40079640 0.01782609 0.01281163
8 0.22760870 0.31336565 0.01173913 0.00831025
8 0.21304348 0.60924515 0.02695652 0.01488920
8 0.78130435 0.28687673 0.01478261 0.01004155
8 0.23413043 0.42451524 0.01260870 0.01177285
