0 0.51779514 0.33072917 0.11024306 0.08159722
0 0.52690972 0.34878472 0.10243056 0.10798611
10 0.06835938 0.64930556 0.09852431 0.09583333
11 0.06835938 0.64930556 0.09852431 0.09583333
13 0.81901042 0.61788194 0.07812500 0.02881944
7 0.23546007 0.41267361 0.29470486 0.44062500
9 0.19075521 0.08975694 0.33723958 0.16770833
9 0.41167535 0.09392361 0.76692708 0.17881944
9 0.64930556 0.07500000 0.19531250 0.12222222
9 0.05338542 0.41788194 0.10590278 0.39340278
9 0.11414931 0.49027778 0.22482639 0.54166667
9 0.22417535 0.09079861 0.32682292 0.14895833
9 0.66992188 0.08385417 0.27994792 0.14479167
9 0.06032986 0.41770833 0.11545139 0.37013889
9 0.56835938 0.44618056 0.05859375 0.20208333
