0 0.59472551 0.40058379 0.11661285 0.15556319
0 0.59777539 0.39663462 0.12343021 0.14629121
0 0.59293147 0.37997940 0.11374238 0.10199176
10 0.79601722 0.80254121 0.11445999 0.26030220
10 0.16146394 0.85868819 0.07678507 0.11572802
10 0.18335127 0.87997940 0.14137065 0.10061813
10 0.79727305 0.79481456 0.11266595 0.19471154
10 0.21600287 0.86813187 0.19662720 0.06112637
10 0.75601005 0.78399725 0.19232149 0.17101648
11 0.16146394 0.85868819 0.07678507 0.11572802
11 0.35145318 0.14766484 0.15321134 0.07760989
11 0.36203803 0.80305632 0.04377467 0.04498626
12 0.71367061 0.25429258 0.14352350 0.14251374
13 0.36167922 0.26201923 0.19949767 0.24038462
13 0.36993183 0.25618132 0.15931109 0.18063187
13 0.24004306 0.67427885 0.19232149 0.30666209
13 0.35486186 0.24381868 0.21672049 0.24381868
13 0.70882670 0.26837225 0.19339792 0.17342033
13 0.70039469 0.25927198 0.21385002 0.16071429
13 0.27538572 0.66397665 0.23717259 0.29567308
7 0.72479368 0.71325549 0.20308576 0.34752747
7 0.72138500 0.66328984 0.21994977 0.29292582
7 0.22981701 0.65590659 0.09364909 0.11057692
7 0.72909939 0.61160714 0.10836024 0.13324176
