0 0.55884365 0.32258572 0.11597674 0.10537905
11 0.37427301 0.17458320 0.18953130 0.04340988
11 0.74461170 0.21327461 0.13650359 0.08870714
11 0.67926788 0.20383768 0.17892576 0.06605851
11 0.36708861 0.17159484 0.17516250 0.03051274
11 0.34245638 0.18150362 0.13068765 0.03019818
13 0.28634964 0.36001887 0.16489908 0.20226486
13 0.32056107 0.32006920 0.22579542 0.27964769
13 0.71176873 0.30056622 0.22066370 0.20289399
13 0.29028395 0.33469645 0.25555936 0.26108839
13 0.70715019 0.26596414 0.12316114 0.13494810
13 0.71843996 0.34963825 0.22442696 0.33815665
6 0.28634964 0.36001887 0.16489908 0.20226486
