0 0.52625868 0.35017361 0.14453125 0.13437500
0 0.51258681 0.34201389 0.15711806 0.11944444
0 0.52452257 0.35312500 0.12369792 0.13194444
2 0.11610243 0.45746528 0.05772569 0.07951389
2 0.09874132 0.54947917 0.08637153 0.07534722
3 0.53493924 0.55711806 0.44227431 0.12673611
3 0.54144965 0.54791667 0.43619792 0.14652778
3 0.54275174 0.56649306 0.45703125 0.13298611
8 0.11263021 0.46440972 0.05946181 0.06493056
8 0.09743924 0.55329861 0.08376736 0.07881944
9 0.09765625 0.54947917 0.08072917 0.08020833
9 0.11414931 0.45451389 0.06163194 0.08263889
