0 0.54027576 0.26805177 0.13207547 0.12534060
0 0.54608128 0.27997275 0.13134978 0.13487738
11 0.63298258 0.07867847 0.09107402 0.02179837
11 0.32601597 0.10132834 0.13461538 0.04257493
13 0.23984035 0.39458447 0.16908563 0.13181199
13 0.27158926 0.48194823 0.26378810 0.37942779
13 0.23439768 0.64816076 0.03991292 0.09945504
13 0.85359216 0.66195504 0.12373004 0.04189373
13 0.24020319 0.36699591 0.16545718 0.08004087
13 0.85486212 0.65957084 0.12481858 0.04393733
13 0.85631350 0.66399864 0.13715530 0.04734332
13 0.24981858 0.42745232 0.13243832 0.05040872
5 0.27158926 0.48194823 0.26378810 0.37942779
