13 0.76037549 0.30666667 0.04743083 0.09333333
13 0.22504941 0.41791667 0.09041502 0.19833333
13 0.22159091 0.40791667 0.11116601 0.19916667
13 0.76828063 0.28958333 0.04743083 0.08250000
2 0.81324111 0.36562500 0.05138340 0.02375000
2 0.22504941 0.41791667 0.09041502 0.19833333
8 0.79644269 0.36916667 0.02173913 0.02166667
8 0.79792490 0.36562500 0.02371542 0.02208333
8 0.16921937 0.73854167 0.02025692 0.01458333
8 0.20479249 0.40166667 0.01235178 0.01500000
8 0.75222332 0.48854167 0.08250988 0.33791667
8 0.20009881 0.32479167 0.02075099 0.02375000
9 0.76037549 0.30666667 0.04743083 0.09333333
9 0.22159091 0.40791667 0.11116601 0.19916667
9 0.79644269 0.36916667 0.02173913 0.02166667
