0 0.52994792 0.28472222 0.13368056 0.10000000
0 0.53667535 0.29635417 0.11588542 0.12048611
0 0.52929688 0.29722222 0.13151042 0.11388889
10 0.77907986 0.55416667 0.11197917 0.11805556
10 0.74392361 0.57274306 0.17100694 0.04479167
10 0.80555556 0.53645833 0.05468750 0.09513889
11 0.33376736 0.18559028 0.07465278 0.01701389
11 0.80555556 0.53645833 0.05468750 0.09513889
3 0.54296875 0.52048611 0.41927083 0.10555556
3 0.53971354 0.54079861 0.40494792 0.11562500
7 0.71549479 0.51059028 0.19227431 0.10173611
