10 0.76340641 0.53960561 0.29578415 0.56851604
10 0.71973019 0.52456551 0.34603710 0.55381016
10 0.77689713 0.57386364 0.28364250 0.59893048
11 0.69426644 0.16677807 0.10758853 0.06550802
4 0.28870152 0.37633690 0.18954469 0.22660428
4 0.32917369 0.39722594 0.25227656 0.34725936
4 0.28650927 0.39137701 0.19662732 0.27673797
7 0.67453626 0.44318182 0.13086003 0.12500000
7 0.32917369 0.39722594 0.25227656 0.34725936
7 0.28650927 0.39137701 0.19662732 0.27673797
8 0.28870152 0.37633690 0.18954469 0.22660428
