7 0.87933884 0.33529635 0.04958678 0.03001520
7 0.37479339 0.59764438 0.22066116 0.28343465
7 0.84834711 0.21219605 0.06776860 0.05129179
8 0.87685950 0.33282675 0.04793388 0.03875380
8 0.84586777 0.22606383 0.06859504 0.07674772
8 0.70805785 0.24107143 0.04338843 0.05053191
8 0.37479339 0.59764438 0.22066116 0.28343465
8 0.87933884 0.33529635 0.04958678 0.03001520
8 0.87830579 0.33434650 0.05495868 0.02735562
8 0.71012397 0.24259119 0.06074380 0.04901216
8 0.37086777 0.60410334 0.21694215 0.27887538
8 0.71012397 0.23727204 0.05413223 0.05357143
8 0.39607438 0.60353343 0.25165289 0.27317629
9 0.84462810 0.22929331 0.08429752 0.07332827
