0 0.56582633 0.40018657 0.11064426 0.09825871
10 0.06775210 0.92661692 0.01645658 0.02985075
10 0.89373249 0.97885572 0.04446779 0.03171642
10 0.89618347 0.98056592 0.02556022 0.03389303
11 0.89618347 0.98056592 0.02556022 0.03389303
11 0.89373249 0.97885572 0.04446779 0.03171642
11 0.40651261 0.17817164 0.08893557 0.01741294
11 0.06775210 0.92661692 0.01645658 0.02985075
11 0.71200980 0.18128109 0.10959384 0.04104478
11 0.69275210 0.18734453 0.13830532 0.03078358
11 0.71691176 0.19138682 0.14390756 0.05006219
13 0.22391457 0.28964552 0.04516807 0.02083333
13 0.69905462 0.28093905 0.17471989 0.13774876
13 0.22478992 0.29166667 0.04481793 0.01803483
7 0.73511905 0.29011194 0.17471989 0.12562189
