0 0.59382530 0.50643939 0.10391566 0.14621212
10 0.34623494 0.67651515 0.29789157 0.19090909
10 0.34713855 0.71287879 0.25150602 0.29621212
10 0.31234940 0.70871212 0.19036145 0.34696970
11 0.36310241 0.29678030 0.13584337 0.11477273
11 0.64924699 0.21799242 0.08524096 0.03219697
11 0.40090361 0.28806818 0.17831325 0.06780303
11 0.64141566 0.23087121 0.12801205 0.04583333
11 0.37304217 0.29337121 0.10512048 0.08143939
3 0.61927711 0.79109848 0.39518072 0.15113636
3 0.61490964 0.74431818 0.40090361 0.23181818
4 0.32259036 0.51534091 0.04638554 0.06780303
7 0.32756024 0.52026515 0.04608434 0.07537879
7 0.32274096 0.51988636 0.04548193 0.06174242
8 0.42876506 0.60151515 0.07078313 0.08787879
9 0.32756024 0.52026515 0.04608434 0.07537879
