10 0.90893555 0.86340000 0.02880859 0.05080000
10 0.07641602 0.85320000 0.02197266 0.03920000
10 0.07373047 0.85120000 0.04199219 0.04480000
11 0.64770508 0.14740000 0.16259766 0.03000000
11 0.07641602 0.85320000 0.02197266 0.03920000
11 0.90893555 0.86340000 0.02880859 0.05080000
11 0.07373047 0.85120000 0.04199219 0.04480000
11 0.33471680 0.15680000 0.12255859 0.02080000
13 0.27441406 0.33500000 0.26660156 0.25240000
13 0.26513672 0.31460000 0.22949219 0.23960000
13 0.26440430 0.32360000 0.21630859 0.20960000
6 0.27441406 0.33500000 0.26660156 0.25240000
