0 0.51562500 0.33715278 0.12065972 0.09236111
0 0.52864583 0.34079861 0.10590278 0.11006944
0 0.52712674 0.33072917 0.08810764 0.09270833
13 0.70985243 0.39826389 0.08203125 0.03125000
13 0.71961806 0.45052083 0.07812500 0.01493056
3 0.53559028 0.57031250 0.36458333 0.08715278
5 0.28059896 0.51475694 0.12977431 0.23784722
5 0.68272569 0.46180556 0.15885417 0.22222222
6 0.68012153 0.48246528 0.19704861 0.24270833
7 0.25412326 0.49409722 0.22873264 0.30694444
7 0.68012153 0.48246528 0.19704861 0.24270833
7 0.25802951 0.51579861 0.16970486 0.28020833
7 0.67122396 0.39565972 0.22005208 0.33576389
