0 0.60551181 0.24218750 0.11732283 0.09700521
0 0.59370079 0.27392578 0.13228346 0.14225260
0 0.59980315 0.24902344 0.15157480 0.12239583
10 0.27637795 0.47574870 0.31653543 0.26464844
10 0.21555118 0.54606120 0.17992126 0.10253906
10 0.23090551 0.54069010 0.20354331 0.07617188
11 0.18090551 0.41292318 0.06653543 0.15722656
13 0.23602362 0.31738281 0.10511811 0.05598958
13 0.23661417 0.31412760 0.11023622 0.04622396
3 0.63129921 0.50797526 0.49015748 0.21712240
3 0.61102362 0.46793620 0.51811024 0.22558594
3 0.63228346 0.51269531 0.48031496 0.20768229
7 0.28759843 0.44921875 0.27283465 0.16927083
7 0.33228346 0.41178385 0.26377953 0.21809896
7 0.23858268 0.42919922 0.23779528 0.13964844
