0 0.44715932 0.37879789 0.30631704 0.29128137
0 0.49205403 0.35138705 0.17282479 0.22523118
0 0.44398093 0.32595773 0.25148987 0.15191546
11 0.20778705 0.19534346 0.25427096 0.24009247
11 0.22189114 0.18906869 0.26181963 0.22291942
11 0.61005165 0.15637384 0.28406834 0.11327609
13 0.17242749 0.56605020 0.20818435 0.14002642
2 0.44398093 0.32595773 0.25148987 0.15191546
3 0.50675407 0.58404888 0.43583631 0.28698811
3 0.50258244 0.59990092 0.42908224 0.14431968
5 0.21017084 0.55217966 0.17719507 0.19220608
5 0.17242749 0.56605020 0.20818435 0.14002642
