0 0.56089744 0.36486008 0.13105413 0.12256465
0 0.55591168 0.36202621 0.14102564 0.13460857
0 0.56303419 0.36946511 0.12108262 0.13460857
11 0.75801282 0.34041800 0.13853276 0.25292242
13 0.74786325 0.39337584 0.17022792 0.30145236
13 0.73183761 0.40435707 0.20156695 0.31349628
3 0.62767094 0.64665250 0.41844729 0.11158342
3 0.62642450 0.67924194 0.37962963 0.15409139
5 0.26531339 0.49557209 0.25284900 0.35210769
5 0.73183761 0.40435707 0.20156695 0.31349628
7 0.75801282 0.34041800 0.13853276 0.25292242
