0 0.59424981 0.36399648 0.11843107 0.08832160
10 0.11329018 0.83025235 0.04760091 0.06778169
10 0.90175171 0.79709507 0.03046458 0.05721831
11 0.11176695 0.82350352 0.04607768 0.03433099
11 0.32444783 0.31851526 0.28560548 0.30545775
11 0.11329018 0.83025235 0.04760091 0.06778169
11 0.90175171 0.79709507 0.03046458 0.05721831
11 0.68964204 0.18427230 0.19954303 0.06220657
13 0.74904798 0.32790493 0.23457730 0.31191315
13 0.32920792 0.31778169 0.29284082 0.28697183
13 0.31587966 0.31308685 0.31035796 0.29577465
13 0.32444783 0.31851526 0.28560548 0.30545775
13 0.85700685 0.34815141 0.07121097 0.02728873
13 0.84672506 0.38615023 0.08263519 0.03521127
13 0.76466108 0.28887911 0.23381569 0.24735915
2 0.76466108 0.28887911 0.23381569 0.24735915
2 0.61862148 0.37500000 0.02856055 0.02230047
2 0.32444783 0.31851526 0.28560548 0.30545775
2 0.31587966 0.31308685 0.31035796 0.29577465
3 0.59843869 0.68529930 0.46953542 0.12411972
8 0.74143184 0.66622653 0.18964204 0.14172535
9 0.69135567 0.58245305 0.15270373 0.08274648
