0 0.45030382 0.28506944 0.08289931 0.10972222
1 0.22287326 0.36614583 0.18359375 0.35173611
11 0.53016493 0.17222222 0.15407986 0.03888889
11 0.53146701 0.17534722 0.14887153 0.04166667
11 0.23242188 0.53871528 0.04991319 0.06215278
11 0.23632812 0.19375000 0.20008681 0.09652778
11 0.66297743 0.40607639 0.04383681 0.15729167
11 0.07530382 0.66336806 0.03428819 0.03715278
11 0.53168403 0.17048611 0.15711806 0.04652778
13 0.57834201 0.43663194 0.17578125 0.08090278
13 0.56705729 0.23420139 0.18359375 0.13020833
13 0.54535590 0.33107639 0.21918403 0.30104167
13 0.22222222 0.35260417 0.19618056 0.43020833
13 0.22287326 0.36614583 0.18359375 0.35173611
3 0.44704861 0.57552083 0.34461806 0.13923611
7 0.23632812 0.19375000 0.20008681 0.09652778
7 0.58572049 0.45208333 0.14453125 0.05694444
7 0.64431424 0.38697917 0.05685764 0.06215278
7 0.53168403 0.17048611 0.15711806 0.04652778
7 0.16319444 0.31718750 0.08940972 0.09201389
7 0.25000000 0.16197917 0.14236111 0.07395833
