0 0.59407552 0.25244141 0.09895833 0.12597656
0 0.58561198 0.25260417 0.09830729 0.10611979
0 0.58414714 0.26985677 0.10319010 0.14127604
1 0.38639323 0.23893229 0.20768229 0.29036458
1 0.38037109 0.26416016 0.19759115 0.30175781
1 0.38232422 0.24690755 0.21972656 0.26855469
10 0.16682943 0.65299479 0.04134115 0.02408854
10 0.86442057 0.63509115 0.02636719 0.04817708
11 0.16682943 0.65299479 0.04134115 0.02408854
11 0.86442057 0.63509115 0.02636719 0.04817708
13 0.70800781 0.19840495 0.09765625 0.13053385
13 0.70914714 0.21256510 0.07779948 0.12955729
4 0.38639323 0.23893229 0.20768229 0.29036458
7 0.38639323 0.23893229 0.20768229 0.29036458
7 0.38232422 0.24690755 0.21972656 0.26855469
