0 0.58450444 0.31572770 0.12389053 0.10269953
10 0.25184911 0.52743545 0.31213018 0.23151408
10 0.25869083 0.52464789 0.34430473 0.19600939
10 0.25795118 0.51276408 0.34652367 0.18691315
13 0.31416420 0.41109155 0.15051775 0.06514085
13 0.25036982 0.46786972 0.22263314 0.08714789
3 0.57507396 0.55604460 0.50591716 0.14201878
3 0.58173077 0.53814554 0.46745562 0.14906103
7 0.24926036 0.48283451 0.25443787 0.09947183
7 0.25036982 0.46786972 0.22263314 0.08714789
7 0.26090976 0.47681925 0.24593195 0.11737089
