0 0.58139535 0.37031654 0.14389535 0.15988372
0 0.58012355 0.37677649 0.13553779 0.15988372
1 0.29578488 0.23788760 0.25654070 0.09334625
1 0.31468023 0.31799096 0.18313953 0.08365633
11 0.31140988 0.25322997 0.28488372 0.17248062
11 0.30559593 0.24870801 0.24781977 0.14470284
11 0.68332122 0.16828165 0.22056686 0.06395349
11 0.75708576 0.18685401 0.11882267 0.07784238
13 0.78288517 0.34318475 0.05414244 0.05846253
13 0.31468023 0.31799096 0.18313953 0.08365633
13 0.30341570 0.35836563 0.20276163 0.15729974
13 0.78088663 0.34431525 0.04796512 0.05620155
13 0.69967297 0.24838501 0.08829942 0.08333333
13 0.78125000 0.33898579 0.05741279 0.04812661
13 0.84865552 0.40988372 0.04760174 0.06330749
13 0.30014535 0.31799096 0.18677326 0.10949612
2 0.72238372 0.24531654 0.04651163 0.03456072
2 0.69967297 0.24838501 0.08829942 0.08333333
2 0.67205669 0.23659561 0.02289244 0.04489664
2 0.67623547 0.24031008 0.03125000 0.04715762
8 0.72238372 0.24531654 0.04651163 0.03456072
8 0.72383721 0.24531654 0.04941860 0.04102067
