0 0.59179688 0.35360000 0.10058594 0.08720000
0 0.58251953 0.35260000 0.11523438 0.10040000
10 0.91333008 0.69780000 0.06103516 0.06360000
10 0.06518555 0.64760000 0.05126953 0.06960000
10 0.06469727 0.65800000 0.04833984 0.05280000
10 0.90820312 0.71100000 0.08886719 0.09880000
11 0.90820312 0.71100000 0.08886719 0.09880000
11 0.06518555 0.64760000 0.05126953 0.06960000
11 0.91333008 0.69780000 0.06103516 0.06360000
11 0.06469727 0.65800000 0.04833984 0.05280000
13 0.32055664 0.55320000 0.07568359 0.07600000
13 0.31298828 0.56080000 0.06347656 0.06400000
3 0.62768555 0.61380000 0.47216797 0.16440000
6 0.34545898 0.53220000 0.19482422 0.14760000
