0 0.58349057 0.34314904 0.14056604 0.15905449
10 0.07641509 0.79927885 0.04150943 0.05368590
11 0.07641509 0.79927885 0.04150943 0.05368590
11 0.75731132 0.17347756 0.08726415 0.05608974
13 0.72783019 0.29747596 0.16320755 0.12139423
13 0.74033019 0.31410256 0.21084906 0.19711538
4 0.26367925 0.38701923 0.27735849 0.42788462
4 0.25518868 0.30548878 0.26792453 0.24078526
4 0.21509434 0.35156250 0.16698113 0.18870192
4 0.32382075 0.25600962 0.12688679 0.15064103
6 0.27169811 0.49739583 0.17735849 0.22716346
7 0.25518868 0.30548878 0.26792453 0.24078526
7 0.27169811 0.49739583 0.17735849 0.22716346
7 0.26367925 0.38701923 0.27735849 0.42788462
7 0.28207547 0.48998397 0.15377358 0.22596154
7 0.32382075 0.25600962 0.12688679 0.15064103
7 0.21509434 0.35156250 0.16698113 0.18870192
8 0.32382075 0.25600962 0.12688679 0.15064103
9 0.72783019 0.29747596 0.16320755 0.12139423
