10 0.09895833 0.73454861 0.03732639 0.03854167
11 0.77083333 0.32569444 0.11284722 0.07430556
11 0.09895833 0.73454861 0.03732639 0.03854167
13 0.78211806 0.32951389 0.11197917 0.06597222
13 0.20247396 0.43802083 0.08723958 0.03506944
13 0.32248264 0.21041667 0.09461806 0.07708333
13 0.78059896 0.32812500 0.10373264 0.07083333
13 0.18424479 0.43038194 0.06901042 0.01840278
13 0.77083333 0.32569444 0.11284722 0.07430556
13 0.28754340 0.18177083 0.02560764 0.02395833
13 0.18706597 0.43333333 0.04947917 0.01527778
13 0.28689236 0.17986111 0.02690972 0.01250000
8 0.28689236 0.17986111 0.02690972 0.01250000
9 0.28754340 0.18177083 0.02560764 0.02395833
