0 0.55465116 0.37887466 0.13023256 0.11893531
10 0.11957364 0.82681941 0.04224806 0.05592992
11 0.60077519 0.19845013 0.09922481 0.01954178
11 0.11957364 0.82681941 0.04224806 0.05592992
13 0.31492248 0.42840296 0.08100775 0.03874663
5 0.25174419 0.65178571 0.12441860 0.15060647
5 0.71027132 0.64706873 0.14689922 0.19979784
7 0.78468992 0.42368598 0.05852713 0.04750674
7 0.77073643 0.42351752 0.18023256 0.19070081
8 0.77073643 0.42351752 0.18023256 0.19070081
8 0.77829457 0.49528302 0.03410853 0.03099730
8 0.85019380 0.74073450 0.02054264 0.01448787
8 0.27751938 0.68446765 0.02558140 0.02257412
8 0.15251938 0.67503369 0.01744186 0.01650943
8 0.21957364 0.48382749 0.03139535 0.02223720
8 0.85213178 0.74006065 0.02364341 0.01448787
8 0.74515504 0.36842992 0.02441860 0.01987871
8 0.35251938 0.66543127 0.03139535 0.02358491
8 0.70600775 0.37213612 0.02054264 0.01785714
8 0.79534884 0.65869272 0.03333333 0.02628032
8 0.77034884 0.50000000 0.02441860 0.01819407
8 0.35503876 0.56367925 0.08759690 0.07884097
8 0.35077519 0.56250000 0.08914729 0.08322102
8 0.79651163 0.66121968 0.03178295 0.02661725
8 0.72674419 0.36893531 0.06124031 0.03504043
8 0.34922481 0.69154313 0.02558140 0.02190027
8 0.17054264 0.74427224 0.03100775 0.03032345
8 0.22093023 0.48399596 0.03488372 0.02122642
8 0.28178295 0.50859164 0.34883721 0.61152291
8 0.16937984 0.74410377 0.04263566 0.03133423
8 0.35116279 0.34029650 0.02015504 0.01752022
8 0.24573643 0.53167116 0.02790698 0.02156334
8 0.81724806 0.70956873 0.10658915 0.11792453
