10 0.11716937 0.73614422 0.03093581 0.04797378
11 0.11716937 0.73614422 0.03093581 0.04797378
11 0.33139985 0.15226460 0.14694509 0.02205006
13 0.55278422 0.30348629 0.03209590 0.03128725
13 0.37664346 0.19323600 0.02165507 0.02294398
8 0.77822892 0.60861144 0.03982985 0.03069130
8 0.21519722 0.61933850 0.03441609 0.02651967
8 0.24361949 0.27279499 0.03248260 0.02353993
8 0.24361949 0.27324195 0.03248260 0.02205006
8 0.68020108 0.26698451 0.02784223 0.02800954
8 0.24497293 0.27324195 0.03673627 0.02562574
