10 0.86570248 0.89027331 0.04855372 0.11495177
11 0.35098140 0.17222669 0.10588843 0.04220257
11 0.86570248 0.89027331 0.04855372 0.11495177
11 0.34607438 0.17403537 0.12603306 0.05948553
11 0.64385331 0.15815916 0.13481405 0.03255627
11 0.83496901 0.90293408 0.06146694 0.05265273
13 0.36260331 0.22668810 0.07231405 0.06832797
13 0.72314050 0.25462219 0.04132231 0.06551447
13 0.80604339 0.69915595 0.17510331 0.10651125
13 0.75206612 0.68850482 0.18078512 0.24758842
13 0.11725207 0.90655145 0.03305785 0.06872990
13 0.25697314 0.50000000 0.36105372 0.65916399
13 0.27350207 0.38685691 0.24431818 0.14991961
13 0.73553719 0.24658360 0.06508264 0.06872990
13 0.23217975 0.61555466 0.22055785 0.25281350
13 0.26601240 0.31390675 0.23347107 0.31189711
5 0.24070248 0.61374598 0.23553719 0.27813505
5 0.77660124 0.62258842 0.25568182 0.39790997
5 0.27350207 0.38685691 0.24431818 0.14991961
6 0.75206612 0.68850482 0.18078512 0.24758842
6 0.77660124 0.62258842 0.25568182 0.39790997
6 0.77840909 0.50703376 0.19111570 0.26808682
6 0.23217975 0.61555466 0.22055785 0.25281350
6 0.24070248 0.61374598 0.23553719 0.27813505
6 0.25697314 0.50000000 0.36105372 0.65916399
8 0.81973140 0.37680868 0.00723140 0.00763666
8 0.81895661 0.37660772 0.01188017 0.01125402
8 0.80810950 0.41258039 0.00568182 0.00763666
8 0.81534091 0.39389068 0.00774793 0.00482315
8 0.81611570 0.39650322 0.01033058 0.00763666
8 0.80965909 0.41298232 0.01084711 0.01085209
8 0.80604339 0.69915595 0.17510331 0.10651125
