0 0.62401353 0.40943789 0.09958662 0.11034004
0 0.61461856 0.42019431 0.12438933 0.14087439
0 0.61330327 0.41707148 0.13603908 0.13046495
10 0.81454340 0.82702984 0.08831266 0.26335878
10 0.17343104 0.92331714 0.15595641 0.08466343
10 0.13021421 0.93997224 0.04847802 0.06176266
10 0.11818865 0.93043026 0.06576475 0.10513532
10 0.81172492 0.79701596 0.12025554 0.19014573
10 0.82299887 0.78001388 0.08042089 0.24427481
11 0.68508080 0.17817488 0.11574596 0.03018737
11 0.13021421 0.93997224 0.04847802 0.06176266
11 0.40755355 0.14816100 0.16046599 0.04788341
11 0.11818865 0.93043026 0.06576475 0.10513532
11 0.70217963 0.18528799 0.06952274 0.02706454
11 0.17343104 0.92331714 0.15595641 0.08466343
11 0.81172492 0.79701596 0.12025554 0.19014573
13 0.24633596 0.73247745 0.21232619 0.34767523
13 0.26230740 0.70697432 0.13002631 0.27168633
13 0.74051109 0.28140180 0.14768884 0.10478834
13 0.38406614 0.30933380 0.16760616 0.24947953
13 0.38819992 0.25312283 0.19240887 0.24323387
13 0.75817362 0.26370576 0.15595641 0.17210271
2 0.64130026 0.39399722 0.06801954 0.06835531
4 0.75009395 0.61814712 0.22247275 0.25711312
6 0.77189027 0.77879944 0.13754228 0.14816100
6 0.37561067 0.30551700 0.13866967 0.20090215
6 0.38406614 0.30933380 0.16760616 0.24947953
6 0.28466742 0.73629424 0.15069523 0.18251214
7 0.74389327 0.61658570 0.22134536 0.24288688
8 0.74445697 0.61380985 0.22247275 0.24982651
