11 0.29709201 0.22847222 0.13324653 0.07152778
11 0.72222222 0.72291667 0.06770833 0.02777778
11 0.29926215 0.23350694 0.15060764 0.09618056
13 0.20898438 0.40451389 0.09592014 0.04166667
13 0.20377604 0.39982639 0.10373264 0.04479167
13 0.71875000 0.33263889 0.16579861 0.26458333
13 0.71875000 0.43038194 0.24652778 0.22812500
13 0.68055556 0.26631944 0.09027778 0.08958333
13 0.21875000 0.40156250 0.07725694 0.03854167
13 0.75542535 0.45052083 0.06119792 0.03229167
13 0.69835069 0.39045139 0.06336806 0.06145833
8 0.81011285 0.67239583 0.01866319 0.01770833
9 0.81011285 0.67239583 0.01866319 0.01770833
