11 0.70279308 0.13116197 0.11526357 0.03755869
11 0.34225020 0.12030516 0.15656963 0.05516432
11 0.71715185 0.14201878 0.13139260 0.04870892
11 0.71066090 0.14436620 0.08064516 0.05046948
11 0.35188828 0.12294601 0.17348544 0.02992958
11 0.33772620 0.13262911 0.14358773 0.03990610
5 0.82022030 0.56704812 0.13060582 0.11883803
5 0.18568057 0.56719484 0.18174666 0.15492958
8 0.11841070 0.71596244 0.03855232 0.02406103
8 0.11900079 0.71669601 0.03658537 0.02787559
8 0.11821400 0.71742958 0.03579858 0.02934272
9 0.75865460 0.50322770 0.35444532 0.79225352
9 0.48210071 0.47021714 0.21754524 0.53902582
9 0.25845791 0.48606221 0.37214792 0.80252347
9 0.49468922 0.50337441 0.23013375 0.51848592
