1 0.77707480 0.21698394 0.09378489 0.08655562
1 0.31838482 0.17593694 0.25493115 0.11748959
1 0.31243022 0.27944676 0.17603275 0.25074360
10 0.87141794 0.85930993 0.06736137 0.08149911
10 0.86695199 0.84964307 0.08671381 0.09547888
10 0.12746557 0.65362879 0.12616301 0.18352171
10 0.16375140 0.68515764 0.18831410 0.22575848
11 0.29028656 0.16329566 0.21362114 0.08149911
11 0.86695199 0.84964307 0.08671381 0.09547888
11 0.12746557 0.65362879 0.12616301 0.18352171
11 0.87141794 0.85930993 0.06736137 0.08149911
11 0.19426870 0.66448543 0.21808709 0.12195122
11 0.73427614 0.16329566 0.19799032 0.11600238
11 0.16337923 0.42935753 0.11760328 0.40243902
13 0.70096762 0.22754313 0.14104950 0.07138608
13 0.18719762 0.48215348 0.08559732 0.26412849
13 0.25232601 0.35529447 0.26423521 0.41969066
13 0.68273167 0.28822130 0.22366952 0.25104105
13 0.71566803 0.26293873 0.22925195 0.18203450
2 0.16337923 0.42935753 0.11760328 0.40243902
2 0.18719762 0.48215348 0.08559732 0.26412849
2 0.82899144 0.53539560 0.03163379 0.02974420
2 0.82713063 0.53718025 0.03163379 0.03569304
2 0.72720506 0.22635336 0.07740975 0.07198096
2 0.71566803 0.26293873 0.22925195 0.18203450
4 0.32843320 0.45746579 0.24153331 0.42950625
7 0.25232601 0.35529447 0.26423521 0.41969066
8 0.82899144 0.53539560 0.03163379 0.02974420
8 0.70208411 0.32391434 0.07629326 0.11124331
8 0.16672869 0.58075550 0.04242650 0.02111838
8 0.82713063 0.53673409 0.02865649 0.03063653
