0 0.49605645 0.33388460 0.15110004 0.11356119
0 0.48422582 0.34068357 0.18140307 0.12568908
0 0.53486924 0.34380742 0.12079701 0.13193679
11 0.28787879 0.24770305 0.14985471 0.06982727
13 0.25923620 0.49320103 0.23536737 0.46600515
13 0.27376505 0.59904447 0.07181403 0.08085263
3 0.53549191 0.62403528 0.43918638 0.11098861
4 0.23432960 0.60271959 0.13740141 0.12936420
4 0.24948111 0.44891584 0.16521378 0.14590224
6 0.26463263 0.46049247 0.23204649 0.49173098
6 0.25923620 0.49320103 0.23536737 0.46600515
7 0.24906600 0.54759280 0.18762972 0.33076075
