0 0.54899089 0.27067057 0.09537760 0.10514323
0 0.54866536 0.26741536 0.10253906 0.10449219
0 0.55192057 0.25634766 0.09798177 0.07910156
11 0.38509115 0.10481771 0.04947917 0.01106771
11 0.37825521 0.12386068 0.10807292 0.04654948
13 0.26936849 0.36507161 0.06868490 0.03938802
13 0.27050781 0.37044271 0.05859375 0.03450521
3 0.52604167 0.60416667 0.41666667 0.12044271
3 0.53255208 0.58447266 0.43098958 0.15397135
3 0.55061849 0.59830729 0.35319010 0.13932292
4 0.37060547 0.43359375 0.09733073 0.07031250
7 0.37565104 0.50472005 0.11328125 0.39355469
