0 0.58261027 0.33513189 0.10303688 0.11450839
0 0.52458424 0.40302758 0.22415040 0.22991607
0 0.57429501 0.32643885 0.12111352 0.08932854
10 0.13575560 0.77697842 0.07194505 0.05395683
10 0.12816341 0.76978417 0.02422270 0.02218225
10 0.13141721 0.76738609 0.04157628 0.06534772
11 0.13141721 0.76738609 0.04157628 0.06534772
11 0.13575560 0.77697842 0.07194505 0.05395683
11 0.12816341 0.76978417 0.02422270 0.02218225
13 0.21926970 0.41187050 0.03651482 0.01139089
13 0.35954447 0.40077938 0.13485177 0.03477218
13 0.17715112 0.47721823 0.04989154 0.02338129
7 0.29844541 0.44079736 0.31055676 0.50149880
7 0.74584237 0.47676859 0.22921186 0.47452038
