0 0.58158416 0.26475279 0.18099010 0.15948963
0 0.50198020 0.27033493 0.31564356 0.16028708
0 0.59841584 0.26255981 0.12990099 0.15191388
10 0.15069307 0.51734450 0.13584158 0.07854864
10 0.85861386 0.48664274 0.09029703 0.08652313
10 0.12990099 0.53728070 0.05861386 0.06897927
10 0.81485149 0.48584530 0.14376238 0.09210526
11 0.12990099 0.53728070 0.05861386 0.06897927
11 0.85861386 0.48664274 0.09029703 0.08652313
11 0.80574257 0.46052632 0.18574257 0.10845295
11 0.15069307 0.51734450 0.13584158 0.07854864
13 0.81881188 0.46750399 0.10732673 0.04665072
13 0.28712871 0.48843700 0.07603960 0.03189793
3 0.54079208 0.47707337 0.43366337 0.11443381
7 0.81881188 0.46750399 0.10732673 0.04665072
7 0.81485149 0.48584530 0.14376238 0.09210526
9 0.49029703 0.22866826 0.08633663 0.21650718
