10 0.20947266 0.71891276 0.06803385 0.07975260
10 0.19547526 0.70784505 0.07454427 0.14680990
10 0.21663411 0.71907552 0.07454427 0.07421875
11 0.39599609 0.13362630 0.10579427 0.02506510
11 0.64339193 0.15738932 0.07519531 0.02832031
11 0.21663411 0.71907552 0.07454427 0.07421875
11 0.20947266 0.71891276 0.06803385 0.07975260
11 0.38932292 0.14029948 0.08333333 0.02213542
11 0.19547526 0.70784505 0.07454427 0.14680990
11 0.63655599 0.15576172 0.13183594 0.04720052
11 0.39160156 0.14029948 0.10416667 0.02343750
