10 0.16031901 0.74837240 0.02832031 0.04622396
11 0.31966146 0.18261719 0.09440104 0.04492188
11 0.64078776 0.17399089 0.05045573 0.02636719
11 0.60205078 0.16731771 0.11360677 0.01822917
11 0.16031901 0.74837240 0.02832031 0.04622396
13 0.29622396 0.21093750 0.04687500 0.07291667
13 0.64371745 0.28076172 0.07584635 0.09537760
13 0.31852214 0.26643880 0.12272135 0.15852865
6 0.21761068 0.55338542 0.05957031 0.07421875
6 0.76123047 0.59863281 0.06477865 0.09765625
7 0.76123047 0.59863281 0.06477865 0.09765625
7 0.21761068 0.55338542 0.05957031 0.07421875
9 0.31184896 0.27327474 0.14322917 0.17024740
