10 0.11501597 0.73813101 0.11430600 0.11808894
11 0.09975151 0.75525841 0.06886759 0.06099760
11 0.11501597 0.73813101 0.11430600 0.11808894
2 0.12797302 0.66721755 0.06070288 0.13972356
8 0.12282570 0.71739784 0.04401846 0.03816106
8 0.29446219 0.38852163 0.04011360 0.03846154
8 0.21388001 0.64828726 0.04295350 0.03395433
8 0.21760738 0.64738582 0.04614838 0.03816106
8 0.13809017 0.63957332 0.03904863 0.07662260
8 0.29162229 0.38581731 0.04508342 0.03545673
8 0.24636138 0.55904447 0.02839901 0.02493990
8 0.21778488 0.64618389 0.05005325 0.03575721
8 0.24778133 0.55829327 0.02768903 0.02223558
8 0.24547391 0.25916466 0.04011360 0.03335337
8 0.11838836 0.71905048 0.04295350 0.04146635
8 0.37841676 0.62154447 0.02981896 0.02854567
8 0.29552716 0.38716947 0.03727370 0.03816106
8 0.38072417 0.62124399 0.02804402 0.03034856
8 0.24618388 0.55844351 0.03017394 0.02013221
8 0.13720270 0.64137620 0.04508342 0.06520433
8 0.71831736 0.61328125 0.02236422 0.01742788
9 0.72541711 0.72160457 0.35960241 0.10006010
9 0.80227192 0.69441106 0.21370252 0.12199519
