10 0.05595813 0.86091088 0.06280193 0.07830931
11 0.04508857 0.84239843 0.05314010 0.06487549
11 0.05595813 0.86091088 0.06280193 0.07830931
11 0.07709340 0.83879423 0.09943639 0.09698558
11 0.80173108 0.79095675 0.05354267 0.05307995
11 0.27898551 0.71133683 0.02495974 0.02490170
11 0.34762480 0.12237877 0.10426731 0.01539974
11 0.11755233 0.78997379 0.05958132 0.03997379
13 0.81723027 0.53997379 0.10466989 0.14154653
13 0.24617552 0.31438401 0.25080515 0.20478375
13 0.34963768 0.15416121 0.19283414 0.06847969
13 0.24597424 0.30930537 0.22785829 0.19724771
13 0.38425926 0.16136959 0.12922705 0.08289646
13 0.24134461 0.33961337 0.21779388 0.24082569
13 0.38848631 0.15956750 0.11594203 0.07339450
5 0.82669082 0.51507208 0.15177134 0.22083879
7 0.83031401 0.53342071 0.14774557 0.15334207
8 0.84681965 0.28423984 0.03904992 0.03636959
8 0.63425926 0.39531455 0.10829308 0.06716907
