13 0.31948819 0.37727865 0.27440945 0.44205729
4 0.22952756 0.51481120 0.10472441 0.13053385
5 0.73129921 0.39550781 0.26574803 0.41276042
5 0.74291339 0.37679036 0.25669291 0.46061198
5 0.32578740 0.37890625 0.30196850 0.43359375
6 0.75314961 0.39290365 0.22834646 0.42708333
6 0.27066929 0.29361979 0.13346457 0.16731771
6 0.31948819 0.37727865 0.27440945 0.44205729
6 0.74291339 0.37679036 0.25669291 0.46061198
6 0.30059055 0.37646484 0.24448819 0.44628906
6 0.73129921 0.39550781 0.26574803 0.41276042
6 0.32578740 0.37890625 0.30196850 0.43359375
7 0.27066929 0.29361979 0.13346457 0.16731771
