0 0.57731120 0.27506510 0.08365885 0.10742188
0 0.57682292 0.26969401 0.08723958 0.08561198
0 0.58284505 0.26529948 0.07324219 0.08138021
10 0.25211589 0.64973958 0.03287760 0.03776042
11 0.65608724 0.14046224 0.13248698 0.05045573
11 0.37939453 0.13020833 0.05436198 0.03515625
11 0.25211589 0.64973958 0.03287760 0.03776042
13 0.33951823 0.53808594 0.22916667 0.23893229
13 0.70442708 0.46647135 0.19921875 0.32421875
13 0.69905599 0.43554688 0.15527344 0.20247396
13 0.33382161 0.43424479 0.19759115 0.40950521
13 0.32405599 0.47721354 0.18717448 0.29296875
2 0.60677083 0.54996745 0.02213542 0.02441406
3 0.58886719 0.57421875 0.30598958 0.11848958
5 0.33382161 0.43424479 0.19759115 0.40950521
5 0.70442708 0.46647135 0.19921875 0.32421875
6 0.69905599 0.43554688 0.15527344 0.20247396
6 0.69873047 0.43619792 0.12727865 0.16731771
6 0.33951823 0.53808594 0.22916667 0.23893229
6 0.32405599 0.47721354 0.18717448 0.29296875
9 0.51513672 0.49788411 0.10188802 0.29003906
9 0.60611979 0.54882812 0.02604167 0.03059896
9 0.53613281 0.49544271 0.13802083 0.51692708
9 0.59244792 0.58902995 0.02929688 0.03222656
9 0.60677083 0.54996745 0.02213542 0.02441406
