10 0.67871094 0.64095052 0.15950521 0.16731771
13 0.30094401 0.24235026 0.16048177 0.21191406
13 0.29817708 0.24348958 0.17382812 0.22460938
4 0.30094401 0.24235026 0.16048177 0.21191406
4 0.67773438 0.61409505 0.15559896 0.16894531
4 0.29817708 0.24348958 0.17382812 0.22460938
6 0.29817708 0.24348958 0.17382812 0.22460938
6 0.31575521 0.24934896 0.21289062 0.22591146
7 0.31575521 0.24934896 0.21289062 0.22591146
7 0.67773438 0.61409505 0.15559896 0.16894531
7 0.67659505 0.60335286 0.15527344 0.14550781
7 0.68277995 0.58300781 0.11946615 0.12500000
