0 0.56376594 0.31029641 0.11627907 0.11263651
10 0.88240810 0.79391576 0.06039010 0.04898596
10 0.89253563 0.79453978 0.06339085 0.05959438
11 0.88240810 0.79391576 0.06039010 0.04898596
11 0.89253563 0.79453978 0.06339085 0.05959438
11 0.89347337 0.81653666 0.06901725 0.10795632
13 0.75600150 0.41856474 0.13240810 0.19188768
13 0.73949737 0.40546022 0.10465116 0.13260530
13 0.26444111 0.21076443 0.12753188 0.08143526
13 0.74906227 0.42917317 0.12153038 0.21622465
7 0.26444111 0.21076443 0.12753188 0.08143526
8 0.23424606 0.71497660 0.07614404 0.04399376
