0 0.53342014 0.37204861 0.11545139 0.10798611
0 0.52408854 0.36284722 0.12369792 0.09722222
13 0.30251736 0.53142361 0.17361111 0.08229167
3 0.54796007 0.59340278 0.42057292 0.10972222
3 0.54231771 0.60555556 0.40755208 0.15000000
3 0.53103299 0.56267361 0.43185764 0.15034722
5 0.70225694 0.44131944 0.12847222 0.18402778
5 0.23893229 0.43802083 0.13671875 0.29131944
7 0.30251736 0.53142361 0.17361111 0.08229167
9 0.70225694 0.44131944 0.12847222 0.18402778
9 0.23893229 0.43802083 0.13671875 0.29131944
