0 0.60223048 0.36901596 0.13940520 0.12721631
0 0.61988848 0.36347518 0.11152416 0.12322695
0 0.61988848 0.37300532 0.12267658 0.12810284
11 0.41449814 0.21963652 0.08550186 0.03856383
11 0.63243494 0.23005319 0.08550186 0.03634752
3 0.56226766 0.59663121 0.38197026 0.13652482
3 0.56133829 0.58643617 0.39312268 0.15868794
7 0.41868030 0.47783688 0.12546468 0.29078014
7 0.27602230 0.55075355 0.12453532 0.09707447
8 0.30715613 0.53967199 0.06133829 0.06427305
9 0.25418216 0.64095745 0.13197026 0.07624113
