0 0.55003524 0.28800786 0.10570825 0.09370904
0 0.54527837 0.30422674 0.11381254 0.11893840
0 0.54069767 0.29816514 0.11874560 0.09108781
10 0.83421424 0.60534076 0.09408034 0.09338139
10 0.84126145 0.60484928 0.11099366 0.08715596
10 0.84214235 0.56536697 0.08315715 0.10910878
11 0.31941508 0.17889908 0.21388302 0.06225426
11 0.84214235 0.56536697 0.08315715 0.10910878
11 0.83421424 0.60534076 0.09408034 0.09338139
3 0.58544750 0.58863041 0.42318534 0.13532110
3 0.57857646 0.57437746 0.45313601 0.10419397
