0 0.58637153 0.32465278 0.14322917 0.14305556
0 0.58810764 0.35329861 0.14236111 0.18993056
10 0.89171007 0.71527778 0.03949653 0.05555556
10 0.89105903 0.71440972 0.03993056 0.06631944
11 0.89105903 0.71440972 0.03993056 0.06631944
11 0.89171007 0.71527778 0.03949653 0.05555556
3 0.61827257 0.68385417 0.51345486 0.17604167
3 0.63563368 0.65989583 0.48307292 0.18298611
3 0.64605035 0.66892361 0.47786458 0.12256944
7 0.65321181 0.33142361 0.13020833 0.27118056
8 0.32421875 0.24565972 0.01562500 0.01562500
8 0.32400174 0.24548611 0.01519097 0.01388889
