0 0.54447395 0.37630332 0.14105543 0.14091627
0 0.55310322 0.38199052 0.11848656 0.14597156
11 0.67142383 0.12890995 0.08894789 0.04170616
11 0.64736143 0.12543444 0.09591769 0.01706161
11 0.16528377 0.54628752 0.15599071 0.45624013
11 0.30401593 0.17251185 0.19714570 0.06382306
11 0.31214736 0.17740916 0.16362429 0.05529226
13 0.24460670 0.54154818 0.19382675 0.11500790
13 0.32841022 0.18214850 0.09857285 0.06034755
13 0.25041487 0.49763033 0.16627946 0.01832543
13 0.23946233 0.54407583 0.19880518 0.14470774
13 0.24493860 0.56303318 0.03584467 0.08467615
4 0.18038500 0.56761453 0.14769333 0.18988942
7 0.18038500 0.56761453 0.14769333 0.18988942
9 0.16312645 0.64296998 0.31563226 0.38483412
9 0.80999004 0.54186414 0.19548623 0.33301738
9 0.05409890 0.66793049 0.09492200 0.43033175
9 0.04447395 0.65434439 0.08031862 0.39810427
