0 0.50390625 0.28760000 0.08886719 0.10320000
0 0.50170898 0.29680000 0.11279297 0.12000000
1 0.28222656 0.39160000 0.13964844 0.11920000
13 0.21362305 0.45860000 0.15869141 0.07160000
13 0.24047852 0.46880000 0.18017578 0.05520000
3 0.53564453 0.58040000 0.41796875 0.24640000
3 0.54003906 0.58140000 0.42480469 0.26280000
4 0.27221680 0.41900000 0.18603516 0.19240000
7 0.28222656 0.39160000 0.13964844 0.11920000
8 0.28222656 0.39160000 0.13964844 0.11920000
8 0.28637695 0.40200000 0.16162109 0.15040000
8 0.27221680 0.41900000 0.18603516 0.19240000
9 0.20605469 0.61960000 0.32031250 0.14800000
9 0.23950195 0.65540000 0.35009766 0.18360000
