0 0.59125906 0.33537946 0.11730072 0.10602679
0 0.58559783 0.33835565 0.13224638 0.11421131
10 0.76562500 0.63988095 0.26856884 0.14434524
10 0.77989130 0.61737351 0.24818841 0.19308036
10 0.72305254 0.65457589 0.37907609 0.35453869
10 0.11231884 0.87146577 0.04166667 0.03757440
11 0.11231884 0.87146577 0.04166667 0.03757440
11 0.70855978 0.24534970 0.22690217 0.12313988
13 0.70674819 0.28962054 0.21422101 0.18936012
13 0.28374094 0.27436756 0.16259058 0.13206845
13 0.70855978 0.24534970 0.22690217 0.12313988
13 0.23324275 0.29520089 0.08786232 0.12760417
13 0.69316123 0.30673363 0.08469203 0.10379464
3 0.58016304 0.63188244 0.43297101 0.17894345
4 0.70765399 0.23567708 0.12998188 0.10081845
6 0.23324275 0.29520089 0.08786232 0.12760417
6 0.73460145 0.44140625 0.29528986 0.41257440
6 0.32359601 0.28273810 0.24411232 0.16666667
7 0.70855978 0.24534970 0.22690217 0.12313988
7 0.78328804 0.57868304 0.18251812 0.19084821
7 0.72667572 0.60956101 0.26403986 0.16183036
