0 0.56082215 0.37920168 0.11493289 0.11274510
10 0.79509228 0.59313725 0.24622483 0.32142857
10 0.75020973 0.55654762 0.23196309 0.33368347
10 0.75083893 0.59926471 0.25755034 0.23424370
11 0.38171141 0.22724090 0.11241611 0.01820728
11 0.73007550 0.24177171 0.13632550 0.04656863
11 0.76531040 0.27591036 0.15226510 0.10014006
11 0.34123322 0.23774510 0.10780201 0.03221289
11 0.66380034 0.23634454 0.11703020 0.02521008
13 0.74790268 0.44957983 0.18791946 0.07983193
13 0.74035235 0.45518207 0.23322148 0.07913165
3 0.54068792 0.62937675 0.39597315 0.16141457
7 0.72839765 0.49177171 0.22021812 0.19432773
7 0.74643456 0.52258403 0.15645973 0.15231092
7 0.74433725 0.51278011 0.19672819 0.17471989
