0 0.64763780 0.29020182 0.12047244 0.13118490
0 0.64153543 0.28499349 0.13582677 0.11490885
0 0.65059055 0.29703776 0.12401575 0.13769531
10 0.34803150 0.37158203 0.30551181 0.48795573
10 0.35885827 0.40511068 0.29251969 0.55305990
10 0.36062992 0.34570312 0.33700787 0.45768229
7 0.40177165 0.25439453 0.11377953 0.17871094
7 0.35885827 0.40511068 0.29251969 0.55305990
7 0.40137795 0.26285807 0.12795276 0.18326823
7 0.85826772 0.41210938 0.03622047 0.11914062
7 0.85905512 0.40494792 0.03149606 0.06901042
9 0.85826772 0.41210938 0.03622047 0.11914062
9 0.55118110 0.31868490 0.12992126 0.42513021
