0 0.53424923 0.32803962 0.11106811 0.09118852
0 0.54527864 0.33726093 0.10835913 0.10075137
10 0.13138545 0.66017760 0.12113003 0.13251366
10 0.10584365 0.71191940 0.08010836 0.09870219
11 0.10584365 0.71191940 0.08010836 0.09870219
11 0.13138545 0.66017760 0.12113003 0.13251366
13 0.17608359 0.55618169 0.11300310 0.03654372
13 0.20104489 0.55140027 0.19156347 0.04132514
13 0.19369195 0.55447404 0.17298762 0.03517760
3 0.53018576 0.60775273 0.44349845 0.09733607
7 0.75986842 0.37517077 0.13351393 0.18954918
7 0.26393189 0.64685792 0.22832817 0.12295082
8 0.58862229 0.44279372 0.09365325 0.07889344
