0 0.52560764 0.43107639 0.17274306 0.14548611
0 0.53190104 0.43090278 0.16970486 0.16041667
0 0.54123264 0.42899306 0.15625000 0.13854167
11 0.55251736 0.27812500 0.10850694 0.04722222
13 0.21875000 0.56788194 0.12065972 0.05243056
13 0.19921875 0.56232639 0.09461806 0.02604167
3 0.53515625 0.65017361 0.44184028 0.10590278
3 0.53906250 0.64704861 0.44531250 0.13576389
3 0.54036458 0.64774306 0.43836806 0.12604167
7 0.74479167 0.52951389 0.17100694 0.28541667
7 0.73980035 0.51857639 0.19227431 0.34548611
7 0.72460938 0.50642361 0.20529514 0.36909722
