11 0.34418403 0.21388889 0.07291667 0.07291667
11 0.58246528 0.22760417 0.09895833 0.10937500
13 0.73958333 0.71892361 0.04427083 0.05590278
13 0.70876736 0.52708333 0.05468750 0.03402778
13 0.25455729 0.56215278 0.03168403 0.03680556
13 0.19509549 0.52100694 0.05425347 0.03854167
13 0.34830729 0.53142361 0.03776042 0.04340278
13 0.26888021 0.35937500 0.04730903 0.03055556
13 0.59743924 0.27517361 0.12282986 0.12187500
2 0.60959201 0.31180556 0.08810764 0.03472222
2 0.25672743 0.56128472 0.03168403 0.03645833
2 0.72309028 0.58888889 0.06076389 0.06041667
2 0.34613715 0.53020833 0.03949653 0.04930556
2 0.34418403 0.21388889 0.07291667 0.07291667
2 0.59743924 0.27517361 0.12282986 0.12187500
2 0.58246528 0.22760417 0.09895833 0.10937500
2 0.70876736 0.52708333 0.05468750 0.03402778
2 0.35807292 0.22378472 0.04947917 0.06215278
2 0.26584201 0.42135417 0.10633681 0.03993056
2 0.70486111 0.52187500 0.07118056 0.03750000
2 0.19596354 0.51875000 0.04904514 0.03958333
2 0.57335069 0.24045139 0.07378472 0.06076389
2 0.26605903 0.35572917 0.05208333 0.03993056
2 0.74305556 0.72083333 0.03125000 0.04652778
2 0.34830729 0.53142361 0.03776042 0.04340278
2 0.73958333 0.71892361 0.04427083 0.05590278
8 0.26605903 0.42152778 0.11371528 0.04236111
8 0.72157118 0.58350694 0.05946181 0.06215278
8 0.25499132 0.56232639 0.03168403 0.04201389
8 0.70876736 0.52708333 0.05468750 0.03402778
8 0.26649306 0.35763889 0.04947917 0.04513889
8 0.56966146 0.30381944 0.02126736 0.01388889
8 0.19270833 0.51597222 0.06336806 0.04097222
8 0.34700521 0.53281250 0.04383681 0.04895833
8 0.64257812 0.32430556 0.02126736 0.01180556
8 0.71354167 0.52378472 0.06163194 0.03576389
8 0.73394097 0.60208333 0.03472222 0.02291667
9 0.34830729 0.53142361 0.03776042 0.04340278
9 0.25455729 0.56215278 0.03168403 0.03680556
