10 0.86740451 0.56770833 0.07421875 0.09722222
10 0.88845486 0.58993056 0.07552083 0.10347222
10 0.11805556 0.61684028 0.05295139 0.04548611
10 0.87760417 0.57395833 0.06770833 0.07152778
10 0.12673611 0.59548611 0.09461806 0.13125000
11 0.88845486 0.58993056 0.07552083 0.10347222
11 0.86740451 0.56770833 0.07421875 0.09722222
11 0.11805556 0.61684028 0.05295139 0.04548611
11 0.12673611 0.59548611 0.09461806 0.13125000
11 0.87760417 0.57395833 0.06770833 0.07152778
13 0.28298611 0.37881944 0.07118056 0.03541667
13 0.75564236 0.29409722 0.16319444 0.04375000
13 0.25781250 0.46458333 0.08159722 0.01736111
13 0.72309028 0.31024306 0.21440972 0.09548611
3 0.56857639 0.55868056 0.50434028 0.13888889
3 0.56011285 0.54218750 0.50998264 0.13715278
4 0.68294271 0.47899306 0.29470486 0.20243056
5 0.20421007 0.50833333 0.16362847 0.13819444
5 0.87673611 0.50086806 0.03211806 0.01840278
5 0.75282118 0.29635417 0.15581597 0.07534722
6 0.33572049 0.50173611 0.18880208 0.16944444
7 0.35807292 0.35729167 0.11371528 0.11527778
7 0.22157118 0.54670139 0.21744792 0.08715278
9 0.35807292 0.35729167 0.11371528 0.11527778
