0 0.57816265 0.28389085 0.09728916 0.09008216
11 0.74804217 0.41754695 0.19006024 0.22241784
11 0.37530120 0.17473592 0.21204819 0.10651408
13 0.76596386 0.45657277 0.13855422 0.14377934
13 0.76159639 0.30428404 0.08403614 0.12089202
13 0.37590361 0.23928991 0.12771084 0.13350939
13 0.39066265 0.23840962 0.20180723 0.26261737
2 0.74804217 0.41754695 0.19006024 0.22241784
2 0.78750000 0.45525235 0.10692771 0.13879108
7 0.39066265 0.23840962 0.20180723 0.26261737
7 0.38719880 0.18823357 0.13524096 0.14759390
8 0.76596386 0.45657277 0.13855422 0.14377934
8 0.35843373 0.65082160 0.11686747 0.12969484
