10 0.87172587 0.79269663 0.03839254 0.07153558
10 0.85809114 0.77808989 0.06279153 0.08127341
10 0.81072838 0.81404494 0.14962325 0.05355805
10 0.18299247 0.81722846 0.19232149 0.07565543
10 0.11589523 0.78913858 0.06099749 0.08539326
10 0.11338357 0.80093633 0.05956225 0.10524345
11 0.11589523 0.78913858 0.06099749 0.08539326
11 0.87172587 0.79269663 0.03839254 0.07153558
11 0.85809114 0.77808989 0.06279153 0.08127341
3 0.54449229 0.71722846 0.46968066 0.19250936
4 0.65787585 0.37078652 0.19842124 0.23895131
7 0.25834230 0.72153558 0.14998206 0.14419476
7 0.22138500 0.75355805 0.07750269 0.08389513
7 0.65787585 0.37078652 0.19842124 0.23895131
7 0.64693219 0.38108614 0.21528525 0.28426966
8 0.63706494 0.39194757 0.25654826 0.28127341
8 0.64693219 0.38108614 0.21528525 0.28426966
