13 0.71121542 0.33272059 0.16156126 0.14430147
13 0.25765810 0.27343750 0.20800395 0.21875000
6 0.72529644 0.31663603 0.19664032 0.19852941
6 0.25592885 0.26516544 0.24901186 0.22426471
6 0.72381423 0.33340993 0.15909091 0.17876838
6 0.25222332 0.26723346 0.25642292 0.25045956
6 0.25765810 0.27343750 0.20800395 0.21875000
7 0.25222332 0.26723346 0.25642292 0.25045956
7 0.72381423 0.33340993 0.15909091 0.17876838
7 0.72529644 0.31663603 0.19664032 0.19852941
8 0.25592885 0.26516544 0.24901186 0.22426471
