0 0.49045139 0.35920139 0.07899306 0.06909722
11 0.29058160 0.20729167 0.14539931 0.02916667
11 0.54275174 0.19357639 0.11675347 0.03298611
8 0.16471354 0.66666667 0.02387153 0.01666667
8 0.19769965 0.50625000 0.25390625 0.44861111
8 0.61718750 0.32482639 0.02256944 0.01701389
8 0.67361111 0.49288194 0.24739583 0.43923611
8 0.24587674 0.48003472 0.02039931 0.01909722
8 0.57486979 0.34930556 0.01605903 0.01527778
8 0.69357639 0.49652778 0.21354167 0.45277778
8 0.62760417 0.50434028 0.01736111 0.01354167
8 0.67317708 0.38472222 0.01822917 0.01527778
8 0.67947049 0.45260417 0.01432292 0.01215278
8 0.63932292 0.29166667 0.01909722 0.01527778
8 0.22048611 0.49045139 0.23697917 0.30659722
8 0.15842014 0.53819444 0.04687500 0.03888889
8 0.72526042 0.66857639 0.01736111 0.01354167
