0 0.57913386 0.32617188 0.17086614 0.13802083
0 0.57460630 0.31852214 0.15393701 0.10319010
0 0.58503937 0.33300781 0.15511811 0.11132812
11 0.31082677 0.20865885 0.09566929 0.01953125
11 0.33956693 0.20621745 0.16338583 0.02506510
11 0.67401575 0.20166016 0.12755906 0.02766927
13 0.28759843 0.48258464 0.18858268 0.06542969
13 0.28444882 0.47916667 0.15157480 0.05598958
13 0.25216535 0.49804688 0.11929134 0.05143229
3 0.58641732 0.50162760 0.39645669 0.09049479
3 0.58011811 0.49235026 0.38070866 0.10123698
3 0.58996063 0.49479167 0.42637795 0.10611979
